435.99
154.81
441.53
137.87
443.88
133.95
440.24
244.00
215.37
298.17
181.19
134.48
197.93
397.98
198.06
436.28
405.52
321.28
426.14
398.13
338.41
154.94
217.12
199.56
403.21
216.96
270.21
221.45
199.51
418.93
313.60
322.86
321.92
203.16
197.79
198.11
329.29
140.34
396.91
322.50
146.37
211.64
197.90
323.65
152.66
152.67
427.08
190.20
321.51
287.65
403.79
361.66
160.20
406.22
360.15
349.14
427.42
314.68
155.63
401.97
144.11
200.31
271.15
183.62
419.66
340.77
288.96
398.51
426.83
432.83
291.46
315.36
134.92
439.72
198.47
376.87
151.72
338.26
326.67
202.44
198.84
198.61
199.19
154.57
316.09
428.10
204.27
230.73
182.69
301.59
207.36
303.50
372.22
184.85
320.24
319.75
346.73
263.35
334.42
321.00
837.87
1517.97
786.39
1710.88
1208.18
616.45
1300.61
1499.72
702.63
1328.02
687.49
1519.35
1464.83
1524.85
1535.91
1357.45
846.31
681.38
1262.16
691.52
1690.22
1600.79
853.31
1157.83
789.85
1611.32
832.61
677.52
613.01
868.56
1413.82
1082.32
1020.94
888.59
1323.23
811.48
953.39
1440.18
1360.17
908.67
669.36
1001.29
1187.09
863.06
985.59
1372.96
1534.01
1542.58
925.57
1407.49
896.45
1525.73
1153.74
1466.45
1256.99
843.96
1182.12
1229.67
764.41
682.55
1296.14
605.79
1048.63
872.90
1477.74
1390.94
786.07
688.05
1698.38
482.04
783.49
972.88
836.36
1117.46
1111.08
1412.32
1468.62
696.94
664.68
848.08
1467.81
1182.91
941.45
1699.12
1049.74
1076.03
725.52
904.70
873.73
1468.61
1541.08
1288.77
974.15
595.08
540.79
1118.16
999.53
734.99
789.54
902.82
1883.42
1573.08
1789.99
1023.41
1514.31
2032.66
1229.50
1000.29
1257.45
1687.16
1456.17
1287.02
1522.09
1148.23
1657.72
1678.91
1612.74
1085.01
1829.50
1501.93
1051.91
1473.46
1911.27
1761.40
1892.97
1414.41
1265.15
1783.93
986.95
1641.58
707.96
1461.30
1157.32
1626.59
1070.26
1806.66
1116.53
1604.32
1636.42
1515.44
1185.11
1511.29
792.59
1563.32
1678.77
1716.40
1880.67
1821.19
1489.30
1728.29
1312.97
1228.04
1820.41
1568.69
1868.00
1113.97
1476.35
926.23
1448.59
1210.18
1565.82
1746.83
1794.80
1277.29
1620.93
1749.17
1683.15
1328.31
1474.90
1869.16
1547.96
1772.35
1435.44
1269.10
1010.95
964.34
1886.23
1432.72
1508.62
902.38
1930.71
1311.94
1594.01
1898.33
1332.50
1846.60
1821.48
1192.96
1712.11
1220.03
1916.22
1895.49
1975.08
1900.87
1107.18
1530.91
947.44
1909.33
1543.41
1717.48
1352.11
1078.78
1321.73
885.41
1323.01
865.09
979.08
1339.44
1348.41
1481.23
1097.64
1240.84
1152.16
1193.76
1229.15
905.09
1081.74
712.65
1088.35
1092.82
1464.11
874.13
810.75
1428.22
1535.52
1067.84
1279.94
1512.51
1147.95
1010.19
686.87
722.91
704.62
1849.82
1223.12
904.26
681.20
677.98
1035.65
1112.06
700.03
884.56
1209.17
1311.48
950.69
1004.45
1273.98
662.52
1004.50
1177.72
1710.74
1038.12
685.68
1174.45
651.62
747.23
1264.73
1332.56
627.43
694.31
711.14
1123.11
1811.57
1276.62
607.54
1643.30
1408.89
871.18
722.79
1048.97
1044.64
1116.58
1319.65
1317.81
1200.90
1089.77
1303.17
677.86
781.42
1270.83
821.03
1065.16
1309.60
682.53
1213.03
787.85
1839.62
576.61
788.08
1326.35
657.66
1089.95
773.22
1315.30
1763.14
1053.46
1447.81
829.04
1228.43
1613.14
955.38
767.57
864.19
1161.86
720.19
543.70
914.86
917.27
555.47
1114.16
653.82
1023.42
770.67
1027.66
815.91
588.53
1320.10
546.31
1544.40
565.11
999.92
523.04
859.02
900.91
683.88
793.16
1259.70
817.99
449.69
1394.87
448.88
773.30
1067.39
995.19
606.03
1554.43
889.11
873.51
785.69
939.29
1026.13
862.84
466.29
590.52
571.55
1113.24
654.10
876.33
1079.95
666.45
ERROR
ERROR
ERROR
ERROR
ERROR
ERROR
ERROR
ERROR
ERROR
ERROR
ERROR
ERROR
ERROR
ERROR
ERROR
ERROR
ERROR
ERROR
ERROR
ERROR
ERROR
ERROR
ERROR
ERROR
ERROR
ERROR
ERROR
ERROR
ERROR
ERROR
ERROR
ERROR
ERROR
ERROR
ERROR
ERROR
ERROR
ERROR
ERROR
ERROR
ERROR
ERROR
ERROR
ERROR
ERROR
ERROR
ERROR
ERROR
ERROR
ERROR
ERROR
ERROR
ERROR
ERROR
ERROR
ERROR
ERROR
ERROR
ERROR
ERROR
ERROR
ERROR
ERROR
ERROR
ERROR
ERROR
ERROR
ERROR
ERROR
ERROR
ERROR
ERROR
ERROR
ERROR
ERROR
ERROR
ERROR
ERROR
ERROR
ERROR
ERROR
ERROR
ERROR
ERROR
ERROR
ERROR
ERROR
ERROR
ERROR
ERROR
ERROR
ERROR
ERROR
ERROR
ERROR
ERROR
ERROR
ERROR
ERROR
ERROR
ERROR
ERROR
ERROR
ERROR
ERROR
ERROR
ERROR
ERROR
ERROR
ERROR
828.94
ERROR
ERROR
ERROR
ERROR
ERROR
ERROR
ERROR
ERROR
ERROR
ERROR
ERROR
ERROR
ERROR
ERROR
ERROR
ERROR
ERROR
ERROR
ERROR
ERROR
ERROR
ERROR
ERROR
ERROR
ERROR
ERROR
ERROR
ERROR
ERROR
ERROR
ERROR
ERROR
ERROR
ERROR
ERROR
ERROR
ERROR
ERROR
ERROR
ERROR
ERROR
ERROR
ERROR
ERROR
ERROR
ERROR
ERROR
ERROR
ERROR
ERROR
ERROR
ERROR
ERROR
ERROR
ERROR
ERROR
ERROR
ERROR
ERROR
ERROR
ERROR
ERROR
ERROR
ERROR
ERROR
ERROR
ERROR
ERROR
ERROR
ERROR
ERROR
ERROR
ERROR
ERROR
ERROR
ERROR
ERROR
ERROR
ERROR
ERROR
ERROR
ERROR
ERROR
ERROR
ERROR
ERROR
ERROR
ERROR
ERROR
1849.36
2041.09
1965.67
1868.91
1821.75
1996.59
1942.62
1929.69
1974.78
1915.86
2001.04
1942.06
1616.07
1885.56
1865.10
1931.16
1731.03
1941.58
1915.39
1901.73
1875.11
1742.63
2032.19
1914.91
1978.09
1812.04
1927.75
1998.23
1792.70
1960.67
1837.11
1862.98
1919.34
1894.26
1982.69
1768.61
1773.44
1965.35
1882.53
1768.96
1763.09
2004.98
1863.30
1779.13
1748.28
1879.17
1716.58
1717.87
2129.61
1993.45
1844.18
1931.06
1873.01
1912.24
2027.78
1900.88
1976.04
2106.99
1847.10
1830.86
1818.57
1851.42
1812.35
1943.27
1928.48
1846.64
1892.88
1919.19
2009.15
1773.34
2034.90
1961.66
1866.91
1886.23
1854.37
1985.01
1728.46
2016.61
1917.76
1888.20
1914.33
1810.42
1780.23
1854.32
1822.99
1874.60
1902.56
1808.52
1899.14
1970.73
1838.94
1993.31
2044.47
1715.10
1960.28
1786.15
1957.68
1993.68
1794.42
1960.43
1402.55
1248.92
945.24
1852.00
1456.37
869.91
1407.33
1368.27
530.93
1231.47
2098.46
1559.42
1835.75
1730.57
1456.97
1977.25
1697.84
1746.97
1791.46
1461.06
1428.52
2112.85
1752.37
1831.21
1466.42
1427.17
1588.04
846.09
1875.97
1534.27
1690.90
1541.41
1968.71
1141.37
1416.96
1942.32
671.23
1836.62
1642.29
409.40
1860.64
2002.89
1096.71
737.98
1413.24
1770.00
1851.57
748.90
1619.80
1475.26
1542.08
1396.11
1241.77
2078.37
1598.35
1010.64
1608.83
1862.52
1289.19
1851.91
1411.73
1059.01
792.70
158.29
1312.86
1289.43
1152.55
1955.36
1404.02
845.79
1442.24
1404.54
1364.33
460.47
1495.71
1660.60
1523.37
1619.06
623.58
1579.03
1231.37
987.78
1479.04
1826.56
672.73
1596.75
1452.00
1619.43
1077.98
1763.79
2104.48
965.12
1332.89
1362.90
1420.81
1702.87
1803.54
1342.78
1028.64
1109.46
1390.46
1769.46
1601.65
1736.34
1834.48
1855.45
1815.60
1828.52
1403.21
1741.63
1383.08
1146.69
1190.34
1444.80
1404.07
1312.08
1627.37
1418.00
1311.12
1596.71
843.29
1585.45
1765.81
1218.28
1238.59
2108.61
1244.56
1677.94
1479.98
1856.62
581.30
1407.66
1345.52
1121.34
664.61
1457.15
1016.17
1289.97
1747.90
1281.10
809.46
1380.36
856.02
1850.65
1122.09
1898.25
1912.58
1077.17
762.60
1633.51
1507.59
1546.52
1924.21
2090.36
1457.57
781.72
1604.25
537.01
1320.07
1788.00
1849.82
793.25
779.99
1320.43
1624.50
1127.25
800.17
1691.00
1484.98
2045.78
1842.19
1872.24
1007.32
1841.74
1288.07
1443.19
1646.30
1919.59
1642.18
1710.35
979.06
1795.21
1819.16
1593.78
1609.00
1399.31
537.06
1015.03
777.81
1488.95
1949.84
1978.72
1198.92
1276.58
1180.21
1423.86
1714.70
1640.38
1368.41
1636.55
1455.53
1391.96
1912.92
1513.10
1019.50
1641.51
1382.01
1581.69
1613.41
1950.19
1492.36
1688.89
1673.33
1488.68
1655.33
2099.06
1826.78
2032.32
1565.73
942.32
1114.59
2142.93
1883.15
1861.92
1352.18
1644.62
893.02
505.56
1445.01
1597.54
1171.91
1049.67
1289.38
1898.65
1884.33
1675.96
1983.57
1974.96
1986.56
1804.40
1442.44
1617.10
1798.01
1414.80
2012.96
1366.26
1233.86
1855.24
1762.96
1823.27
566.62
749.43
1895.62
1605.72
1651.07
2010.06
1597.21
1891.35
1607.93
1982.27
1181.64
1820.30
782.81
1465.81
1679.23
1631.02
1350.59
1502.90
954.21
1868.21
1600.93
803.94
1527.74
1789.30
828.98
1255.71
1639.04
1831.71
1766.72
1335.25
973.61
1044.92
895.62
1408.72
1459.50
773.71
1791.41
1107.57
1094.94
1794.88
1509.34
1042.82
1820.66
1315.83
1175.57
1522.98
598.62
1325.25
1182.04
1755.02
784.22
1374.46
981.07
1841.49
1424.03
1540.62
1783.28
1702.73
898.60
1869.27
1724.73
1062.22
1245.76
1477.50
1573.88
1274.87
1674.70
1663.25
1691.74
1524.71
1457.65
1652.08
820.21
1430.69
1268.26
1667.80
1308.18
1625.36
1665.26
890.85
1499.35
1292.28
1824.89
1611.50
1336.32
634.92
1104.25
1837.51
1699.22
871.73
1813.33
1278.02
1254.48
1598.99
1529.73
1475.49
575.44
1119.17
1805.80
1407.67
966.00
920.03
1783.83
1256.22
1438.17
1758.77
1591.04
1491.15
864.40
1856.33
1922.74
1683.41
1817.98
1529.34
1457.32
1570.21
1817.66
784.44
1680.48
1733.92
1521.89
1386.09
1782.17
783.91
1552.01
1367.70
1863.11
1990.18
1522.19
1467.48
1484.76
1825.45
1637.98
910.98
747.39
1225.56
1195.79
1513.75
1783.76
2022.79
1394.67
1171.24
1174.20
1115.73
1462.54
1138.92
1848.17
1693.67
1790.16
1252.48
1651.40
1630.13
316.96
2026.43
1406.95
1635.94
1616.24
1728.18
1812.30
983.47
608.20
1203.63
696.04
1700.51
1784.73
1886.65
464.11
1393.10
1717.00
1427.31
1601.94
1524.32
1217.58
1817.61
1111.73
1450.83
1570.98
1461.79
1928.75
1709.60
675.96
1607.92
630.57
1486.56
1951.52
1662.90
784.06
1512.67
1284.88
962.51
1667.24
884.44
1637.52
1579.67
1650.27
1948.81
1758.40
1538.05
1185.71
1132.07
1840.04
1304.79
1503.79
1330.29
547.11
1203.51
1280.88
1031.96
1804.65
1381.18
1918.77
404.34
1757.66
1503.29
1815.90
1642.00
483.18
833.10
1788.81
692.36
1046.88
1341.68
1458.20
1697.33
1312.59
1806.30
1342.14
1738.87
875.54
1490.14
1396.92
1153.44
1459.82
1655.30
1533.98
513.56
1192.43
787.36
1361.06
1550.46
1018.91
1169.46
867.23
1183.96
1060.58
1559.46
1900.17
1930.25
1892.33
1425.16
1904.49
1838.11
953.31
1325.42
809.41
1112.21
1608.09
1240.86
1769.08
1955.49
1602.81
797.77
1410.46
1178.31
1667.78
1613.28
1916.01
1381.56
1789.56
783.83
1502.09
1309.22
1057.56
1571.22
1391.59
1650.73
1809.46
921.98
1224.72
1614.14
674.51
1582.58
1410.73
879.70
1791.73
1500.60
2122.34
1254.27
476.66
1126.09
1498.85
1868.22
1787.31
1770.18
1388.71
1376.58
1638.36
1552.60
1416.53
1450.95
1882.45
1408.47
1599.39
1438.94
1659.37
1862.81
1795.56
1959.81
1292.33
1066.00
1086.68
1436.77
1548.99
925.87
1882.90
1562.51
920.35
1409.63
1938.62
1362.48
1163.37
1068.70
1360.23
1250.04
831.53
1333.04
1037.46
1402.78
1273.18
1157.75
1672.17
987.95
1321.91
1262.99
1026.93
1482.99
1731.15
759.63
1706.36
1217.76
374.25
1292.65
869.78
1443.08
994.22
1648.13
1338.64
1341.10
1092.85
1730.31
1220.55
1604.89
1279.83
1650.13
1896.71
2084.92
1643.03
1347.75
678.86
1711.78
1555.21
1522.54
1319.83
1595.93
1949.60
1558.01
1475.12
1476.70
1076.49
2023.84
1836.39
1899.76
1081.78
1394.83
1653.94
1609.98
1489.98
624.81
1801.62
1443.63
1717.97
1426.16
901.78
1700.12
1753.42
1409.93
1907.86
1532.74
1602.40
774.34
1426.13
2148.22
1443.28
1711.49
1912.37
1705.41
1390.34
1805.68
1458.66
1535.23
1496.65
1416.11
1430.23
2085.39
923.06
821.21
1882.73
1367.05
1282.13
421.84
1402.30
830.07
1028.29
1781.34
896.57
1578.47
1697.99
1755.76
1384.25
1855.18
1404.52
1172.86
1430.89
1802.06
1508.19
1668.55
1619.12
1380.52
926.53
1518.02
1504.99
1158.90
1486.81
1672.65
1601.77
1154.02
1686.63
1478.81
1631.42
1813.11
1102.46
1916.89
1447.79
1821.02
1075.07
2037.54
1596.92
1951.89
1358.14
1087.57
1910.75
1722.83
1388.96
1083.44
1419.43
1816.09
1525.94
1596.87
1422.57
369.33
1610.66
1098.64
1344.02
1449.46
2110.44
1329.42
1432.88
1695.33
1017.50
728.08
1270.30
1365.12
1430.97
1548.65
999.22
1032.19
1504.06
1308.76
1501.20
1432.69
1916.37
1440.50
1249.98
949.00
1456.82
1749.21
1588.26
1498.91
1492.15
822.56
1597.84
970.44
813.68
1393.48
1631.75
1599.32
1878.48
1384.34
1626.49
916.41
1595.71
1808.61
1109.09
1862.47
1295.61
1834.84
689.01
607.39
1522.68
1144.31
1813.59
1172.18
1843.78
1623.16
1328.03
1686.53
1308.68
887.81
1826.83
1645.91
615.38
1332.62
843.51
1048.86
961.13
1427.26
1539.25
1511.56
1909.68
621.00
762.63
581.96
1464.64
1094.83
1558.50
1006.30
2092.64
1592.03
337.43
1512.72
1252.58
646.85
1184.96
1479.03
888.63
1813.73
1768.88
1977.21
961.19
375.19
1424.24
1083.42
1557.14
1519.45
1177.73
1619.98
402.70
710.19
1687.02
1578.14
796.67
904.13
1148.28
1496.69
1464.22
1365.25
1774.11
525.36
1414.58
882.87
1413.41
1636.90
1811.90
1619.58
1568.97
1884.20
1478.39
1923.34
1255.34
1632.26
890.44
1401.63
1494.36
747.61
1588.03
1649.49
1536.73
1744.56
1560.45
1703.26
1473.75
1253.93
1379.84
1268.82
907.27
1756.53
1628.97
1403.46
1362.40
2050.74
1788.77
1774.82
413.43
1193.12
1168.43
2019.38
1495.74
1026.72
1516.09
882.69
1881.13
1684.80
2118.67
1653.40
1597.56
996.72
1936.69
1740.52
503.46
1328.91
891.30
1348.98
1508.95
1357.89
1402.19
1599.10
1488.88
1893.08
1342.39
1058.93
1337.08
1585.29
834.51
1472.88
1566.97
1011.25
667.16
875.46
1287.53
1059.20
1586.50
1054.12
1732.31
1660.26
526.21
1566.09
1418.88
1372.88
1316.98
1300.56
1783.85
1535.95
1881.19
2073.05
1869.16
1482.71
1365.41
1094.07
1496.46
1366.55
1709.96
1754.77
717.01
1835.20
1898.22
1899.65
1731.48
1333.24
1376.73
1259.09
1113.18
1765.28
642.46
323.92
977.86
624.13
1302.06
1052.42
928.23
717.24
916.21
1577.05
1395.67
651.55
1246.25
1808.24
901.01
1745.44
1806.10
1483.20
1666.14
423.02
1467.00
1543.67
898.32
1308.40
1325.22
1184.67
1893.35
1349.03
1485.75
695.23
2188.90
1261.57
1936.60
1199.09
1433.20
1269.42
1520.90
737.51
1407.80
349.73
1357.64
1822.34
1849.14
375.46
1749.12
758.99
1089.07
944.48
1274.27
1674.71
1458.17
1460.01
1597.60
911.51
696.96
1101.41
1839.89
1784.44
1073.26
1972.55
1878.50
1627.52
1060.60
1539.19
1511.81
756.66
1458.09
1093.89
1678.32
1364.94
1500.53
1672.48
1640.04
1398.55
1716.72
1678.97
1635.44
1460.57
1205.93
1559.17
1802.12
1027.55
1686.39
1125.69
902.96
1619.71
1517.35
1914.67
1099.86
1248.47
1224.23
1072.69
1788.03
1279.01
1941.35
591.83
1366.03
1337.93
1407.24
1464.61
1792.90
1820.11
1529.49
1186.59
1308.21
1736.30
2046.67
496.29
1886.01
817.66
1014.86
1706.19
1009.80
1520.39
711.34
1832.67
1602.25
1886.83
1901.20
1225.57
1470.79
1557.20
1903.55
1664.36
1353.32
907.98
859.43
1566.53
797.06
1780.11
1351.94
1362.79
2119.68
1620.96
1543.07
1619.88
1203.32
1751.67
1736.51
1915.40
580.46
1041.76
1016.46
1460.36
1770.79
1636.39
1538.51
1841.71
1649.85
1498.21
1641.54
1736.61
1601.39
1957.24
990.72
1388.98
657.36
1634.43
1600.31
1725.45
636.34
1355.47
892.46
1223.67
1249.98
1247.16
581.86
1390.16
1341.16
1640.47
1272.06
646.05
1168.65
1598.82
706.53
700.47
1604.23
1765.16
1322.31
1721.51
1566.86
1733.50
1630.73
1599.48
1483.17
1342.51
1799.40
1583.24
1248.60
755.93
1219.61
1133.28
1470.18
565.52
1536.95
1869.36
1688.60
1426.34
1520.01
961.04
1718.91
2132.76
1388.23
1370.39
1835.92
1185.46
1128.83
1401.87
1562.17
985.05
1140.42
1838.55
1777.51
1886.95
1477.63
1602.43
1765.41
1565.83
1892.21
1666.32
1758.39
1721.50
1376.36
1818.44
1499.08
1587.94
1396.86
1469.09
1507.24
1488.58
913.98
705.97
1691.82
1604.14
1196.21
1091.04
1143.37
1518.59
1386.05
585.04
705.85
1620.97
1687.58
1569.28
1368.15
1933.85
1837.79
2025.47
1342.65
1468.88
1039.71
1219.73
1015.71
1741.52
707.90
1661.70
1070.83
1643.94
1829.34
1419.15
1625.64
918.65
1509.97
1720.06
534.41
1345.11
1258.70
1448.54
1476.01
1511.62
771.44
1452.18
1652.99
201.17
808.45
1893.96
1606.04
942.66
1174.17
1691.01
543.45
687.08
1907.12
1675.55
1722.46
1908.70
1912.80
1315.21
1674.29
1291.95
1738.26
1632.09
1611.96
1524.33
1845.94
638.12
1716.84
1140.36
1645.90
1538.96
778.45
1257.68
1494.04
1471.25
862.02
1449.94
1853.19
1496.34
901.14
1503.56
1327.05
1536.29
1871.87
1798.22
585.96
226.86
932.27
1646.78
1738.90
1872.00
1588.75
1465.40
1859.13
1710.53
1793.78
626.84
1789.84
1862.67
1519.70
1739.46
1940.57
1288.12
1865.83
1436.60
1208.95
1318.23
1002.69
1560.90
1528.30
1782.60
1278.08
1613.27
311.18
1846.39
1435.13
1425.89
544.81
918.97
1798.97
1609.38
1720.21
989.96
1813.01
1348.46
741.56
1786.54
1334.74
947.41
640.83
1221.16
1819.38
1954.67
1391.98
681.75
1252.38
1110.94
941.12
1692.88
1224.05
1489.25
1304.58
1535.57
1475.08
1799.00
906.27
1315.24
1848.01
1683.56
442.88
1939.55
1522.46
2082.23
1796.89
992.35
1194.51
620.73
1703.89
1714.78
737.45
1053.31
1675.84
583.31
1145.41
918.06
1747.00
1531.04
2091.33
889.33
1274.16
1221.46
1545.77
1900.75
723.10
1865.77
1256.81
1469.07
717.04
1435.66
1581.93
1859.10
1740.88
725.54
1626.90
1167.26
1811.61
1330.83
1540.92
1684.89
748.96
1206.05
994.51
923.02
1299.29
1426.94
1659.20
1474.33
1396.50
1448.73
1290.32
1418.15
1487.23
1919.69
1052.14
1843.03
1619.33
1715.28
1473.02
1147.48
1451.57
1909.85
1740.47
888.44
1493.52
1525.21
2004.60
1613.83
1684.38
1705.30
1436.37
1468.09
1638.06
1796.37
1115.52
1515.50
853.62
1760.00
1752.46
449.14
1620.34
1879.20
1869.61
1424.66
1403.55
842.71
1188.43
1815.88
1251.41
1761.68
1271.92
718.35
1395.32
1606.46
1329.15
1724.07
1302.43
484.74
875.50
1763.65
1929.68
1759.10
1617.21
1961.49
1357.40
1491.14
1709.03
1615.28
1384.42
1498.46
1439.41
1645.76
1119.72
1544.05
1518.56
1182.52
908.64
726.74
1814.95
1205.19
1575.10
800.86
1127.22
1486.63
1597.54
1148.19
1294.52
1751.07
720.37
1874.97
1060.71
851.79
1650.83
1072.33
1693.41
1893.90
1095.19
1813.56
1777.70
1822.06
711.41
388.60
886.13
1429.90
1682.71
707.00
1820.05
1812.79
1268.39
1625.31
979.59
800.42
1719.74
840.02
155.25
1209.73
1720.02
1740.06
1642.64
1913.60
1731.89
2021.67
1674.18
1476.56
1369.76
1671.70
966.28
1474.45
1438.49
1768.97
1180.44
1681.25
1162.58
1553.53
1463.24
1343.97
1343.22
1185.65
1868.09
1159.64
1711.50
2061.78
772.20
1738.63
154.69
1937.82
1307.54
1686.60
1714.28
804.89
1768.20
1960.01
1635.90
1591.76
562.99
1528.48
1788.73
1546.33
1395.31
1785.52
1004.62
1843.63
1526.37
1308.57
226.26
1866.95
366.58
375.83
1286.37
900.34
1791.84
1742.23
1504.84
1829.51
1577.18
1492.03
1575.91
1145.39
857.88
1706.48
1233.05
1507.72
1159.04
1452.21
1584.52
1607.67
1632.09
648.95
1460.25
1370.14
1815.32
945.82
713.71
1098.45
1216.66
1414.36
933.85
1535.69
1489.64
1754.69
773.74
1840.53
807.96
1902.36
1890.38
1519.75
1251.40
1468.37
895.97
1823.32
1351.19
933.39
1624.65
1077.27
857.69
533.51
861.20
480.36
1841.76
1904.30
1556.29
1291.57
1271.52
393.64
1470.55
1708.42
1174.57
452.02
1468.29
1637.10
539.86
1410.94
771.97
1038.73
1214.53
2021.84
951.60
309.86
1303.31
1931.40
1487.90
1842.17
1899.90
1179.98
1632.54
1902.51
1288.67
917.14
1072.18
1738.49
1336.69
1586.11
1059.38
1653.40
2004.92
1540.33
1194.72
1898.10
1902.72
1434.10
1742.09
1439.96
974.94
1876.74
1413.96
1208.49
1492.94
1765.82
1486.94
544.00
1489.77
779.88
1071.64
200.96
1649.31
1858.82
1817.45
1258.15
1277.87
1671.71
1910.54
1578.38
1284.93
1480.81
622.08
1773.30
1776.00
1130.57
1794.95
1271.06
1696.56
1991.01
1634.11
653.64
949.86
1542.97
1872.08
1433.87
1161.11
1524.31
1317.79
1217.26
1792.20
1614.81
1864.38
1632.02
976.06
1895.69
1492.35
1664.67
1015.48
1562.90
1158.26
931.50
1469.70
1632.59
1562.83
1488.41
1889.14
1267.08
742.83
926.13
1765.46
1689.70
1675.83
1380.25
1253.92
1384.21
738.39
1948.40
1082.08
1916.13
1008.26
1537.21
662.37
1322.51
1139.21
1002.88
395.11
1673.38
1738.10
558.58
1187.66
1989.70
1803.64
1256.75
1862.01
1488.38
1564.90
1585.85
1498.40
2111.33
936.34
666.41
1925.05
1647.12
1346.95
1838.22
2111.43
1535.93
1560.91
1603.36
1389.27
1257.90
1310.82
1320.76
1475.76
1435.10
1976.84
1552.43
1574.82
1585.44
1615.44
1328.67
1880.48
1062.13
1394.45
1450.95
1485.25
2020.31
611.92
1054.54
1391.58
1937.57
1700.91
1163.74
1899.09
1643.75
1672.66
1706.94
907.95
858.46
1788.64
345.31
1831.50
1897.90
1928.63
1727.45
1373.89
1567.48
1492.52
1817.49
277.89
1603.53
1274.13
1261.67
1952.18
1378.95
1200.30
1516.90
1584.68
1575.80
1489.89
1585.64
1343.87
1908.07
860.54
1379.20
1208.56
1186.67
736.63
694.79
896.77
1521.84
560.61
1435.90
822.31
1557.91
1939.77
1880.51
1564.07
1867.16
1477.82
1299.86
1637.82
1872.88
1205.92
631.50
1263.36
1800.40
1614.00
1849.50
1869.91
703.73
416.32
1786.60
941.86
1741.62
992.10
1859.52
1194.34
1588.41
1320.68
1204.52
1272.13
1478.50
1924.95
1160.12
1990.60
1498.43
1488.87
1508.62
1607.98
1887.43
1708.76
1573.35
1222.28
2066.18
1092.11
777.78
1503.31
1231.48
1591.94
856.32
1239.21
1294.58
1673.42
1605.39
2007.38
1283.70
1420.01
1550.94
551.82
1651.22
1542.74
1886.33
1885.94
466.70
711.68
1612.75
1844.01
1160.22
1879.01
812.72
1277.21
1400.81
774.05
2110.12
1463.88
1171.47
1842.27
1844.38
1469.18
1015.40
777.91
1507.55
1560.35
1800.41
1525.96
1717.54
1605.10
1191.13
1810.72
1623.21
1549.28
1851.57
358.21
1705.52
1278.86
1713.46
653.30
756.85
1883.75
1841.70
1373.22
941.66
1532.43
1908.64
1686.32
1338.25
1615.46
1629.91
1103.79
1751.75
1660.82
1470.11
1215.63
1296.81
932.87
1719.57
1959.41
1565.05
1905.28
2099.97
1849.50
1501.37
1548.20
774.45
885.47
1472.26
821.97
1520.52
1425.58
1934.03
945.17
1979.83
1642.87
1591.20
1617.13
1430.27
1805.34
596.72
932.41
732.15
1345.61
771.85
1850.53
1658.25
2102.29
1539.95
1294.75
1089.32
428.19
869.98
1718.27
1489.45
1672.60
810.98
880.82
1366.76
1282.76
1457.72
961.08
866.74
1500.15
1452.17
1968.52
926.36
1225.39
528.99
801.06
1971.86
1464.03
1824.58
1499.45
1623.14
1550.76
1825.70
1859.27
1115.33
1859.14
1438.64
1609.80
911.14
1492.59
1729.80
377.27
1840.38
1810.27
1108.58
1485.79
1027.04
1749.35
1281.69
1479.47
1507.68
1498.54
721.44
1667.13
1771.86
1644.32
882.42
1130.25
1870.20
665.82
1724.54
1937.22
894.15
1253.64
1915.27
1335.40
802.64
1745.23
1323.07
1208.57
1292.18
1835.11
1008.47
1378.65
1965.33
1441.16
1168.00
1648.63
1899.25
1384.25
967.37
1547.84
1147.59
771.79
1221.37
1456.59
437.36
1638.16
572.48
1557.30
1344.83
1726.07
1646.46
1701.22
1507.03
1444.01
402.49
894.89
1667.89
1864.63
1332.68
1635.77
1886.33
1611.74
1404.41
1411.15
1282.72
1573.24
529.66
2133.99
1433.29
961.78
845.73
724.21
1892.16
1364.71
1433.30
1888.20
1816.25
1328.78
1596.84
1566.07
1057.80
1867.05
1554.94
1638.20
1845.71
1540.69
1905.85
1493.79
1736.25
1058.50
992.78
1681.00
1761.46
1370.09
1030.10
2100.11
1404.41
1626.06
1581.77
1580.86
1502.42
1309.52
1457.17
1413.37
1840.45
1255.91
1720.27
1588.75
1650.56
2100.20
1242.83
1404.11
1554.87
1511.46
1385.76
963.46
1131.46
1560.60
1489.78
1820.19
1647.29
1342.90
1053.65
1211.06
1015.79
1878.88
1476.03
1271.25
1831.89
1367.11
1707.74
1935.43
1849.23
1597.61
1621.12
1504.52
1259.33
630.35
1632.53
1942.12
1822.75
1690.25
2101.64
1704.54
1791.90
1287.20
1061.56
1277.33
1745.27
1624.91
1618.67
1333.28
1665.14
1566.44
890.44
1866.02
1478.51
1903.52
2007.96
1283.08
898.43
1575.19
1758.26
1712.20
1674.88
1153.93
1892.24
1867.18
1846.27
1326.96
1624.14
1993.33
477.90
699.10
1486.02
863.20
1445.63
1320.21
1772.94
895.57
1273.29
1152.92
1246.42
1679.88
1651.01
1407.38
1290.78
1664.39
1589.77
1402.44
976.41
1919.10
1514.99
1488.64
1411.80
1459.37
1818.89
1332.70
1209.78
378.14
837.08
1565.86
891.93
1484.74
1670.71
1560.56
2066.36
1865.15
1785.94
1615.73
1681.80
1459.33
1862.22
1607.70
1553.50
1858.56
1916.73
1402.94
1748.15
1495.56
1615.32
1760.94
1029.04
1122.78
2053.16
1994.53
1432.80
965.82
1608.46
1977.59
1556.99
1631.81
1609.18
1887.11
988.64
1542.83
656.91
1302.79
1599.22
677.37
1468.73
1601.91
1889.05
1795.00
1599.34
1253.62
1130.41
1406.23
1903.55
1871.37
1540.44
1695.35
1300.98
940.43
1605.40
1240.76
1570.86
1223.10
1470.01
1855.15
1914.60
1925.20
1493.94
994.12
1865.81
1171.56
1608.60
1172.75
1698.99
1189.50
1003.29
1276.31
1681.65
1473.66
1585.87
925.01
1649.44
1675.62
1764.35
1942.37
1914.39
377.36
1377.75
1096.66
1381.88
2126.71
836.71
1614.54
1759.28
1181.84
1358.75
1833.33
1775.80
1551.40
1636.87
688.41
807.35
1105.32
1509.86
1528.74
1619.14
1582.70
1494.10
1423.88
1610.36
811.68
1551.56
1797.61
1891.57
1890.02
1824.97
1527.12
872.54
1123.93
1642.04
957.30
1396.50
1567.24
1608.43
931.71
1760.92
1891.49
1099.56
1740.45
917.93
980.93
1774.16
1327.00
1792.67
1818.11
1604.66
966.81
1526.02
937.96
1403.35
1478.07
1104.29
1636.97
1539.58
911.07
920.34
1433.62
1018.48
1999.84
1263.99
1314.19
1753.83
1337.58
846.62
1266.41
1514.03
923.79
636.11
626.42
474.69
1382.68
1799.74
729.74
1612.19
1548.81
1468.50
1598.14
1781.19
1870.50
902.10
1451.65
2127.46
1520.25
1775.93
1355.80
1309.69
1688.46
1258.39
1210.73
1157.47
1592.85
1700.54
1489.45
1260.76
1634.45
715.92
1090.78
956.94
1669.04
1056.55
1356.33
801.28
885.32
1427.70
906.78
909.23
399.54
1687.62
977.62
869.76
1850.49
799.79
1967.59
1329.45
1631.69
1777.68
1402.16
898.75
1817.32
1928.97
1756.29
714.90
995.12
1146.22
1728.31
703.16
1489.04
1809.39
1472.34
1831.16
1191.49
1095.24
1697.86
1577.57
1936.06
1883.64
1527.31
1678.40
1667.82
720.33
1613.31
911.40
1755.65
871.04
308.62
879.52
1311.04
1627.12
1819.23
1031.68
1396.01
1375.80
865.47
1435.98
1607.86
1666.27
1583.82
1908.81
811.17
1682.72
840.48
1796.58
1217.31
1370.81
1066.21
1930.56
1386.54
1329.57
1943.42
1551.60
1258.75
1871.00
1821.02
1505.83
1993.30
1705.33
1243.84
1578.70
1376.17
1601.08
1230.27
1502.42
1162.91
1687.32
1636.49
1771.55
1779.23
2152.71
2127.27
784.91
1464.34
1761.30
1491.94
672.19
774.00
1214.37
1942.91
1373.28
1392.67
1792.51
848.65
1680.57
1592.66
1791.54
641.55
1005.92
1703.22
1701.70
904.59
1153.29
1900.58
1749.87
1738.15
1871.29
1251.17
678.37
1905.95
1419.48
1198.17
2111.06
1458.27
1781.52
1043.85
1655.40
1754.53
1814.82
1784.28
885.37
1621.30
1341.38
1785.56
1836.50
1371.00
1679.18
1347.00
1779.65
775.61
821.82
1152.73
1366.32
1783.91
1136.64
1853.27
1345.92
1461.41
1453.64
1386.14
1332.16
1188.91
1887.68
1916.53
1256.47
858.27
1171.89
1394.93
2064.03
745.46
1755.54
1396.30
2102.70
1336.18
1886.48
742.90
1593.66
1336.77
1024.67
1457.46
1112.99
975.67
1573.66
1322.19
1761.10
1439.46
1422.56
1661.07
1463.28
1538.63
1321.91
2130.95
1577.57
1474.31
1172.08
1254.31
1864.95
1599.16
1482.41
761.19
1418.31
1792.01
1621.98
1799.83
2015.09
847.58
1442.76
1717.24
1581.95
955.32
1945.81
675.19
1530.84
1605.06
1340.13
1289.43
846.02
1264.69
1696.52
1001.59
1551.41
1681.16
1489.04
1767.79
1277.69
1922.59
1629.50
1642.52
1518.28
388.30
1324.47
1138.21
1776.46
1783.98
493.22
1193.11
1357.74
1631.67
1882.14
1293.98
1863.12
1827.52
931.76
1632.96
1910.84
1668.13
1488.64
1430.09
1250.05
1927.88
1470.18
1388.15
1470.24
1688.39
1396.45
777.70
1433.45
1844.71
874.74
1422.57
1599.98
1434.93
1471.31
903.10
709.95
1688.27
1697.78
1142.77
1091.24
1877.49
1542.35
1818.08
624.83
1536.44
706.02
1268.79
1353.40
865.60
882.45
1453.14
704.91
1832.30
1380.80
1332.84
1776.95
1354.05
1446.16
1459.83
1370.03
1362.25
1295.24
1302.52
1622.15
908.43
797.91
906.77
565.03
2056.55
1690.50
1270.42
1137.95
457.41
1215.76
1457.75
1320.35
1143.68
2060.49
1188.68
1403.47
1531.18
1820.43
1831.66
1702.19
1624.66
1274.91
1756.87
1763.48
1432.69
1583.18
1534.99
787.86
1703.06
1333.47
1162.73
1813.39
1996.51
1814.17
1162.62
1541.32
913.05
874.98
1868.58
1141.51
1570.18
462.32
1349.86
1573.44
1034.67
1606.45
1783.63
1901.79
202.70
1380.83
1980.58
1895.27
779.10
1399.97
1584.17
1864.14
1723.34
1936.12
1424.30
1517.75
811.82
1512.49
1049.88
829.77
1425.99
224.47
1938.62
729.32
777.41
1602.08
1364.88
2096.36
1304.01
1906.09
1912.08
938.97
1837.87
1475.27
1963.69
748.58
664.37
1623.59
1712.89
1523.37
538.46
1726.43
2170.38
1214.29
1247.56
748.03
1656.68
1854.21
1625.47
2047.75
1619.21
1563.21
574.73
1241.27
1762.16
1998.13
1613.94
1795.30
777.09
1633.22
1445.94
1944.32
1338.09
1377.74
1652.22
1805.12
756.30
1767.23
1382.96
1521.92
1824.53
1382.99
1336.06
1482.49
1903.69
865.20
928.42
1918.12
1747.86
569.61
1569.22
1426.41
1582.07
1769.03
1798.61
1362.71
814.49
1681.93
1515.59
1597.19
843.60
1466.41
945.15
1479.62
1347.67
1436.82
1835.25
1620.29
1125.24
1594.84
1383.02
1189.96
1338.15
1836.70
1768.45
1545.83
1767.95
1397.33
1897.57
1627.39
1849.69
1862.78
1267.21
1535.07
1554.76
1267.17
1675.52
1724.81
1874.27
1504.39
1763.35
2000.91
583.97
1301.59
756.79
1725.80
1642.77
1666.88
1427.15
767.97
1407.84
1378.65
1483.28
1236.35
1825.84
1859.60
1166.81
1928.86
704.74
1542.85
971.89
1589.04
1193.28
1084.16
1631.77
1390.83
1202.59
658.71
1513.64
1439.72
1484.64
1789.81
1709.07
1421.91
1770.55
1690.81
1441.46
1513.93
1351.75
1399.20
1488.05
1986.66
959.56
910.33
1839.38
743.19
1768.32
1515.05
1475.00
1265.09
1777.66
1377.54
1880.02
1815.99
1174.47
1707.15
1092.85
761.69
1421.68
859.46
1754.98
1900.52
1549.40
1471.50
1678.03
303.98
1668.90
1179.95
1217.48
1704.13
1067.80
861.75
1746.67
902.58
1335.17
1721.56
795.48
1331.27
723.69
678.96
1483.34
1682.20
1185.34
1637.44
1437.22
1165.41
1874.92
1637.10
1633.00
1561.14
1454.47
1488.87
712.18
1682.12
1851.27
791.62
683.54
855.52
1741.05
1844.12
1224.16
1938.15
1337.35
1320.42
1938.21
1206.27
1910.31
890.96
1460.84
1560.05
909.20
1854.04
1296.49
1249.25
1761.84
1352.53
970.94
1791.44
2020.06
1524.24
1658.49
1312.31
1083.60
1225.36
1600.61
1387.32
1896.66
1430.00
1286.10
1309.93
877.17
1752.35
1715.63
1074.99
1484.48
1876.56
2080.99
745.38
1768.73
1588.83
861.55
318.11
1656.11
1309.27
1364.51
1113.32
834.84
1640.60
1700.98
1472.52
1755.94
1450.72
1377.60
1124.70
1480.23
1048.11
1248.11
1481.95
1265.49
1007.56
643.12
964.81
1789.84
2052.44
1774.91
1901.91
1336.10
1629.95
1613.36
1156.91
1379.44
1907.20
1195.11
1723.75
1593.63
2028.38
1516.92
1388.88
1431.57
1921.47
951.27
872.98
1461.13
1509.50
1042.70
975.47
1251.82
1252.31
1743.99
1430.40
1353.84
1858.00
1537.11
1625.59
316.63
365.99
2032.08
1635.00
1043.89
1830.95
869.96
1031.69
662.85
1651.54
1355.21
1970.46
859.28
1569.57
1410.62
737.52
1855.91
1172.32
685.91
1281.85
1735.51
1602.00
1321.49
1886.32
1468.22
689.29
1831.44
2061.29
1454.70
2028.42
1287.43
2127.76
1180.43
1721.62
918.76
1427.53
871.02
1285.55
1465.09
1496.35
1280.58
1487.51
728.78
804.81
1408.04
1185.62
1984.26
1904.93
1587.18
750.85
1330.50
1157.66
886.10
1481.77
981.08
1464.25
1481.42
1420.56
1333.46
1632.08
960.97
911.53
1845.60
1363.12
1893.36
1054.09
894.40
1853.46
964.91
1383.86
1687.30
1673.63
1228.66
206.91
1806.71
1327.22
2027.03
1322.85
1543.28
1229.78
1930.40
1789.44
1698.00
1659.69
1700.33
775.67
1911.83
1570.26
1470.82
1698.31
1812.63
1487.65
1437.06
1797.88
1768.03
1104.85
1745.61
1361.75
940.73
837.24
1359.70
1954.08
1163.47
879.52
1576.79
814.78
1609.19
1370.16
1266.19
1521.09
1545.11
1590.27
1064.03
1755.52
1164.59
1176.57
1157.09
1458.52
1510.24
1438.27
1152.74
1338.03
892.45
1799.22
1263.01
1606.19
1135.95
2074.72
1921.77
1202.28
1826.89
1260.52
1760.62
1550.23
1303.00
1437.49
1560.19
1300.50
695.02
1530.90
1355.98
808.52
1981.70
1307.93
1763.31
1141.52
1495.05
1093.76
1890.08
1556.22
1907.59
1568.30
1547.69
1668.77
908.13
1626.24
838.33
1439.97
1076.07
1197.94
1126.23
1926.66
1823.38
1560.33
1263.16
955.66
1616.47
2081.22
1751.33
476.10
1151.94
1069.93
1556.49
1430.86
1346.33
1585.19
1480.64
216.74
1521.63
1748.62
1405.20
1635.72
1085.19
1795.31
1812.53
1196.06
629.86
2091.66
1194.01
1693.38
1690.24
1456.88
1881.42
1288.74
1723.18
1796.76
591.40
1370.99
280.46
1721.58
880.88
848.78
1856.35
1917.76
877.45
1476.18
1628.62
1982.19
1840.29
315.93
1605.93
1153.53
1877.53
1293.94
1973.41
1892.76
1980.07
1491.69
1709.19
1247.98
1493.01
661.07
1636.97
1516.20
880.51
1207.72
1671.68
1355.90
1711.47
328.55
1739.92
1674.34
1045.63
1092.70
756.62
1500.21
1251.98
1161.88
1317.20
1142.39
1494.00
1495.11
1131.45
1436.35
1626.61
1407.59
1535.42
1275.68
1709.42
1871.60
1144.89
1227.08
1003.55
1596.80
862.04
702.76
1305.79
888.83
1845.28
1345.37
1064.80
1853.33
1181.28
1934.52
1336.20
1251.97
1355.55
826.85
1320.92
1321.96
1344.33
1864.44
860.36
1276.82
1354.85
1666.49
562.81
1502.01
1384.87
917.88
1899.04
1854.76
1024.51
1315.61
1208.78
1652.08
1635.21
1396.63
1184.27
821.09
2014.44
1255.99
2079.70
1170.89
898.40
1946.62
1431.09
1572.23
1226.40
1468.26
1554.03
1294.38
1323.86
921.62
1399.90
1368.45
1399.38
1471.29
730.22
1466.50
1009.71
1399.72
1429.21
1652.36
1912.24
1631.84
1248.28
1804.52
980.94
1520.71
1157.62
1671.54
1265.50
1239.96
1559.93
1667.79
1719.42
780.92
1097.20
2021.19
1661.34
1614.93
1398.21
1889.94
1779.56
1903.45
1575.54
1528.01
1572.68
1636.32
1502.93
1249.82
1432.19
1512.03
1344.97
728.30
934.12
1774.62
1260.43
1786.01
1869.37
1757.91
1522.88
890.25
1581.11
1820.64
379.12
1480.35
1391.98
1619.67
1623.70
1172.67
1346.97
804.34
567.20
1296.10
1825.80
1923.75
1870.41
1767.53
1483.23
1498.89
1703.82
1863.47
886.84
1731.35
627.82
911.53
1169.39
1365.91
1000.14
1601.48
1178.53
1508.10
1637.82
1784.63
1463.66
1447.95
1717.72
1324.16
1569.58
1901.50
1732.57
1001.92
1201.50
1750.20
1213.40
1389.36
801.64
933.91
1491.91
1738.84
990.09
836.48
1250.15
1739.66
1461.04
1376.85
1015.39
1813.84
1564.59
1618.20
1625.41
1370.53
1352.08
694.19
1355.60
883.80
920.44
1792.56
1965.88
1334.55
1952.82
948.26
1268.49
999.08
902.18
1029.07
1137.93
1521.95
1523.79
876.20
1455.26
1784.63
1438.12
1313.13
1671.01
1523.91
1942.84
1291.53
1199.90
1447.91
1734.20
1344.75
1222.51
1450.40
1216.60
610.12
1658.45
1606.35
881.01
1236.82
1340.59
932.51
1645.24
1500.74
991.31
1109.77
1679.89
1611.76
1718.61
1810.99
1424.24
1438.15
1576.73
1785.81
1716.62
1855.32
1875.81
1607.65
1717.28
1164.32
1587.26
1211.56
1262.45
1747.94
1299.16
1260.07
1611.63
707.86
1810.56
1309.21
997.10
1046.77
1902.60
1526.97
1484.11
1622.25
1460.63
1586.34
923.93
1292.60
952.00
1498.74
1720.51
1058.36
1393.46
1481.00
1036.32
1317.23
907.47
1559.08
1793.50
933.20
1308.44
737.91
1715.50
586.99
1101.14
832.49
1354.83
1609.05
2042.66
2036.65
1372.74
1884.73
814.94
1003.79
1909.45
1615.80
1375.56
1421.41
1577.94
1191.28
1894.51
1499.01
1031.25
2066.46
2109.99
1922.66
1608.28
1486.47
824.37
1534.94
1258.75
1594.12
1472.33
1023.77
586.93
1893.04
1365.69
873.94
1408.97
1624.13
1305.95
1625.93
1884.62
1038.39
833.54
1367.54
1739.24
768.25
640.08
575.21
1698.70
1659.41
1474.60
1836.58
1267.35
1902.08
1625.34
1315.88
1578.83
1923.72
1443.47
1344.02
1551.62
921.84
736.18
1559.24
1590.24
1652.29
1594.31
886.58
1850.01
1838.48
1666.38
1947.56
1821.13
1731.84
1454.16
2140.34
1789.41
1057.67
844.36
817.77
1774.22
1006.49
1727.17
1687.26
1527.35
1198.44
1451.60
1266.63
1456.41
821.68
1282.57
1826.03
801.41
1633.61
946.29
1601.51
1544.86
1198.49
784.89
1423.62
1447.95
1336.99
1544.06
1209.32
1853.92
1359.24
1582.75
1357.85
1798.34
998.72
1782.32
1762.48
1597.74
595.79
587.49
1858.96
1105.15
840.39
1580.00
1078.54
1598.37
1574.32
1488.46
1756.80
1608.61
1583.47
1890.00
1854.59
1311.20
1447.90
1469.77
1459.60
1074.56
1051.07
1556.30
1246.01
1295.36
1597.06
1631.72
1344.68
1666.10
1750.61
684.24
709.27
1792.17
1370.52
1411.36
1773.97
1625.11
1247.05
1065.14
1683.82
1379.56
970.90
1851.60
1434.09
1841.41
1405.21
1580.91
1219.80
1470.30
1642.98
1751.06
2102.85
1104.45
655.77
1338.23
1442.82
1013.65
758.39
1700.34
1120.27
1834.32
1218.85
1729.49
1802.21
1593.46
945.04
1472.84
1695.42
1206.88
769.99
612.71
1245.49
1786.23
1913.38
559.68
1373.33
1435.81
1713.98
1520.21
1908.13
1982.41
1879.22
1467.72
1975.07
1009.01
1051.75
397.64
1671.43
1499.20
1292.58
1534.28
1576.71
2082.86
1767.30
1792.36
1430.82
1481.72
1504.96
1582.54
2007.63
1917.31
1267.21
846.21
1581.01
1494.70
1258.03
1452.71
1381.63
1856.24
1068.05
1064.42
1347.16
371.48
1515.37
1572.73
1460.08
1340.48
1257.05
1220.24
1387.63
1116.49
559.57
1549.34
898.36
1621.99
1000.56
1833.99
952.11
1858.48
1842.63
1691.36
1668.62
1890.93
1337.62
1857.48
553.11
1197.53
2123.27
1132.42
1258.83
1432.53
1620.73
420.29
1491.92
1491.55
1281.95
1826.63
1884.64
351.90
1554.13
464.00
1586.94
1459.94
1602.72
1457.00
1782.82
1920.01
580.35
159.34
1412.48
1165.86
1274.20
1253.71
846.91
1754.27
892.90
1793.29
1543.88
820.16
798.03
1240.74
1657.95
1687.57
773.36
1650.69
1553.32
1121.70
534.40
764.24
1528.01
1332.87
1082.50
1441.08
859.10
1645.75
647.15
1241.67
1687.88
1600.59
1933.44
1614.09
1423.80
864.02
1764.25
773.53
1587.38
1223.68
1591.22
1354.92
1201.62
1470.79
1490.66
1546.93
1452.38
1904.75
1773.63
1736.23
908.13
1845.95
1358.43
1448.45
1898.50
1652.21
1696.79
883.11
1178.07
1313.41
1962.26
1419.43
1872.46
1662.86
782.56
1541.01
1645.74
1852.04
1063.78
1087.56
829.01
1383.85
2104.97
929.24
1753.70
1586.51
1165.76
652.05
1696.22
858.17
1521.53
692.26
1140.78
1122.95
1231.34
1825.61
1935.11
876.90
1624.02
863.06
691.12
1436.94
1205.75
715.66
1453.25
1704.72
1251.77
1335.06
1127.76
1238.97
1484.72
1501.23
1276.13
1289.31
1359.83
495.16
762.19
1619.48
1340.84
1164.80
958.36
1358.12
1098.25
926.67
1644.80
767.25
939.84
1366.12
1563.79
1603.57
1222.28
1565.83
1660.05
1644.45
1438.92
1897.47
1415.50
1633.56
1786.26
1073.45
1628.45
1420.29
1723.31
1439.52
1290.65
1728.72
1324.44
1807.72
1861.76
1860.27
1848.63
1691.73
1444.60
1569.06
1701.14
1235.03
1331.15
1037.88
1548.74
1935.52
1806.99
1938.60
1420.11
902.97
1356.07
1697.75
1435.43
1721.46
659.53
1429.55
520.47
1325.86
2017.08
1507.15
1569.55
969.86
890.39
1654.69
1292.43
1353.33
1499.07
1316.05
1874.13
1646.45
709.76
1315.53
1759.71
1224.91
1373.88
1542.03
1371.84
1132.78
722.61
580.39
1822.28
918.92
1692.53
1849.59
1582.81
1529.38
1959.45
887.86
1351.38
1476.18
1349.74
1345.29
727.65
1781.10
1607.45
1456.57
478.37
1228.37
1634.12
1510.20
1047.05
1843.38
926.14
824.61
1371.38
1307.38
1810.75
1266.44
1150.79
1877.36
1986.99
1620.33
1419.24
1084.27
610.26
1723.02
1533.65
1684.02
407.72
1740.12
1685.57
1755.71
1556.03
1746.58
953.49
781.90
1760.97
1683.32
1664.10
1402.62
1241.49
1453.74
1028.11
857.10
1923.73
1040.12
1340.91
1471.15
1065.52
1139.07
1600.50
1885.79
1334.79
532.96
1411.78
1147.91
1611.25
1536.26
1329.43
1749.72
1463.05
1534.36
1904.72
1558.72
986.99
1457.77
2160.65
1198.34
1549.38
1537.25
1159.44
1316.63
1488.73
973.47
1555.68
805.82
1485.15
1004.27
1199.57
1450.23
755.27
1405.96
1954.06
846.57
2049.48
968.86
1272.94
930.03
1498.42
1868.64
1379.42
1401.95
1222.87
1021.75
786.41
1806.38
1166.30
1849.07
1627.07
1666.41
1093.46
1429.98
1577.90
1771.16
1156.70
1375.33
1677.66
770.62
1809.73
1844.89
1811.07
1814.91
1868.77
1116.80
1731.72
316.72
1372.72
1162.66
1422.68
826.65
2074.18
1400.40
1335.62
936.84
2002.38
1035.68
155.31
1053.20
1007.07
1838.63
1979.22
1791.88
1634.86
1826.41
1235.70
1612.65
1054.51
1237.64
1526.99
934.27
842.12
1679.69
1157.66
726.90
1442.33
1675.16
1423.78
1664.22
1835.67
1139.01
1936.92
1618.63
1492.95
1669.91
1502.04
1216.29
737.67
1126.11
635.02
1618.56
1609.12
1690.91
1527.09
1256.36
1348.54
1329.93
700.25
1747.34
1760.32
1453.09
1807.11
1569.06
1255.02
1988.90
842.35
1284.25
841.98
1648.96
1416.99
917.50
1216.31
1792.64
1529.00
1630.55
1460.05
904.85
2070.34
886.59
1363.80
1438.32
1216.44
1467.43
1349.73
1363.36
1130.19
955.36
1968.06
1558.88
788.64
1841.21
1387.82
1401.15
619.49
1731.31
1535.37
499.04
1303.74
1520.62
334.26
1355.31
1448.33
1304.61
1674.23
1474.50
1190.18
1679.73
2114.98
611.79
1544.35
541.92
1557.55
1415.67
1139.52
1935.58
1820.67
1700.08
1484.22
1398.54
1924.09
1013.75
1707.11
1421.86
1417.10
1269.62
1652.86
415.01
1076.23
1015.05
860.00
1762.35
764.70
1069.25
1891.07
1458.92
1184.03
402.84
1355.23
1044.44
930.93
1137.88
856.71
1646.79
1579.68
1922.89
1418.43
1755.98
910.89
1620.15
1578.78
1599.04
1520.83
2082.74
1240.61
1426.14
1417.22
1185.67
1933.90
1870.94
1549.63
1071.09
1700.26
860.57
1430.72
896.75
1688.11
1404.19
1238.74
1505.22
1771.47
2070.48
1614.36
158.13
1580.50
1707.89
1398.77
888.52
1394.00
1556.93
1332.58
971.53
1913.81
1457.09
1483.82
1973.52
1939.88
1399.98
1333.03
1550.92
1598.36
1309.96
531.55
1610.37
1808.74
1270.47
1252.56
1759.11
668.85
598.34
604.19
1815.97
1263.04
